3 9594 10003 4 1 1 1 
3 8 10003 4 1 1 1 
3 91 6 4184 9 4 1 
3 8 10003 4 1 1 1 
3 6 162 9 4 1 1 
3 10003 389 22 10003 4 1 
3 17 10004 13 1188 10003 4 
3 17 10004 13 22 10003 4 
3 6 296 10 468 9 4 
3 204 10003 4 1 1 1 
3 40 9 4 1 1 1 
3 71 559 10003 4 1 1 
3 31 7 34 6 9 4 
3 40 28 4 1 1 1 
3 2 2 2 2 4 1 
3 93 41 594 10003 4 1 
3 8 10003 4 1 1 1 
3 74 39 17 9 4 1 
3 11 71 100 9 4 1 
3 2 28 4 1 1 1 
3 84 10003 84 20 4 1 
3 40 10003 4 1 1 1 
3 318 14 5 104 20 4 
3 2 10003 4 1 1 1 
3 10003 480 10003 4 1 1 
3 6978 4 1 1 1 1 
3 2 574 12 1231 10003 4 
3 8 9 4 1 1 1 
3 84 10003 4 1 1 1 
3 6 173 8 9 4 1 
3 2221 10003 4 1 1 1 
3 8 10003 4 1 1 1 
3 8 9 4 1 1 1 
3 84 5 8 20 4 1 
3 8 10003 4 1 1 1 
3 8 359 10003 4 1 1 
3 8 10003 4 1 1 1 
3 8 20 4 1 1 1 
3 2 10003 4 1 1 1 
3 41 871 10003 4 1 1 
3 123 9 4 1 1 1 
3 806 10003 4 1 1 1 
3 12 553 9 4 1 1 
3 234 5817 10003 4 1 1 
3 43 7 10003 9 4 1 
3 22 10003 4 1 1 1 
3 21 32 971 157 9 4 
3 17 8 9 4 1 1 
3 6 34 19 10003 4 1 
3 376 5 7567 10003 4 1 
3 166 170 28 4 1 1 
3 8 10003 4 1 1 1 
3 59 9 4 1 1 1 
3 32 186 10003 8 10003 4 
3 65 10004 13 17 9 4 
3 8 9 4 1 1 1 
3 40 5 215 6 10003 4 
3 379 20 4 1 1 1 
3 123 10003 974 10003 4 1 
3 74 23 27 9 4 1 
3 7 10004 29 582 10003 4 
3 8 9 4 1 1 1 
3 28 2 4 1 1 1 
3 74 173 6 17 9 4 
3 58 210 71 10003 4 1 
3 8 148 9 4 1 1 
3 541 10003 8 10003 4 1 
3 7518 4 1 1 1 1 
3 264 30 33 180 10003 4 
3 691 10003 4 1 1 1 
3 71 20 4 1 1 1 
3 47 6 162 9 4 1 
3 8 10003 4 1 1 1 
3 145 4511 9 4 1 1 
3 283 82 166 90 10003 4 
3 8 9 4 1 1 1 
3 76 19 9 4 1 1 
3 84 10003 4 1 1 1 
3 158 10003 4 1 1 1 
3 428 1055 10003 4 1 1 
3 2 10003 4 1 1 1 
3 129 74 9 4 1 1 
3 8 28 4 1 1 1 
3 84 10003 4 1 1 1 
3 100 9 4 1 1 1 
3 8 20 4 1 1 1 
3 7 159 299 8 10003 4 
3 33 344 8 9 4 1 
3 134 121 4394 9 4 1 
3 93 41 10003 4 1 1 
3 7 81 10 282 10003 4 
3 27 23 8 10003 4 1 
3 6 58 12 601 9 4 
3 8 10003 4 1 1 1 
3 987 3464 9 4 1 1 
3 306 3947 10003 4 1 1 
3 192 2592 10003 4 1 1 
3 8 10003 4 1 1 1 
3 19 70 9 4 1 1 
3 6 1784 8 10003 4 1 
3 204 10004 13 162 9 4 
3 10003 8 9 4 1 1 
3 6 1791 10003 4 1 1 
3 100 23 14 9 4 1 
3 158 10003 4 1 1 1 
3 6 124 280 10003 4 1 
3 17 284 72 10003 4 1 
3 2 10003 4 1 1 1 
3 40 10003 716 37 10003 4 
3 8 20 4 1 1 1 
3 8 10004 13 2110 10003 4 
3 8 2 9 4 1 1 
3 7 131 591 61 20 4 
3 8 10003 4 1 1 1 
3 446 9 4 1 1 1 
3 32 8 9 4 1 1 
3 7 10004 29 7524 10003 4 
3 84 9 4 1 1 1 
3 1569 10003 4 1 1 1 
3 113 66 10003 4 1 1 
3 7 34 10003 4 1 1 
3 8 9 4 1 1 1 
3 65 144 7 34 9 4 
3 11 629 607 10003 4 1 
3 2 20 4 1 1 1 
3 33 363 4675 10003 4 1 
3 19 9 4 1 1 1 
3 40 193 10003 4 1 1 
3 40 10003 4 1 1 1 
3 8 10003 4 1 1 1 
3 1237 10003 4 1 1 1 
3 65 10004 793 302 9 4 
3 72 5 123 10003 4 1 
3 6 43 1058 114 20 4 
3 10 5842 2 4 1 1 
3 134 133 10003 4 1 1 
3 75 7 6087 9 4 1 
3 168 5 9599 10003 4 1 
3 8 9 26 8 9 4 
3 7 10004 56 279 10003 4 
3 6 16 22 10003 4 1 
3 8 10003 4 1 1 1 
3 168 20 4 1 1 1 
3 376 10003 4 1 1 1 
3 100 47 25 77 9 4 
3 19 1763 9 4 1 1 
3 50 73 5 98 10003 4 
3 8 10003 4 1 1 1 
3 204 505 9 4 1 1 
3 44 12 120 3924 10003 4 
3 8 5 134 1725 9 4 
3 364 10003 4 1 1 1 
3 7 126 11 244 10003 4 
3 74 47 6 9 4 1 
3 8 20 4 1 1 1 
3 238 17 10003 4 1 1 
3 84 10003 4 1 1 1 
3 123 10003 4 1 1 1 
3 84 10003 4 1 1 1 
3 113 10003 4 1 1 1 
3 52 9 4 1 1 1 
3 2 1084 9 4 1 1 
3 19 47 6 151 9 4 
3 73 10003 4 1 1 1 
3 974 10003 4 1 1 1 
3 8 10003 10003 9 4 1 
3 76 9 4 1 1 1 
3 4981 9 4 1 1 1 
3 2525 18 2 20 4 1 
3 7 272 109 10003 4 1 
3 8 10003 4 1 1 1 
3 7 149 6 10003 4 1 
3 329 1483 10003 4 1 1 
3 7 10004 29 161 10003 4 
3 8 9 26 8 10003 4 
3 76 9 4 1 1 1 
3 8 10003 4 1 1 1 
3 1109 1761 20 4 1 1 
3 1294 5 6252 10003 4 1 
3 8 9 4 1 1 1 
3 10003 376 10003 4 1 1 
3 12 120 180 9 4 1 
3 19 31 6 64 9 4 
3 211 1713 6 10003 4 1 
3 65 39 33 919 9 4 
3 2 10003 4 1 1 1 
3 605 10003 4 1 1 1 
3 84 9 4 1 1 1 
3 1847 10003 4 1 1 1 
3 45 37 216 240 10003 4 
3 7 144 54 8 9 4 
3 8 9 4 1 1 1 
3 158 10003 4 1 1 1 
3 8 10004 15 438 10003 4 
3 8 10003 4 1 1 1 
3 7 140 161 10003 4 1 
3 14 10004 13 162 10003 4 
3 234 11 366 6 10003 4 
3 84 10003 4 1 1 1 
3 206 10003 4 1 1 1 
3 8 10003 4 1 1 1 
3 756 10003 369 4 1 1 
3 158 10003 4 1 1 1 
3 8 9 4 1 1 1 
3 40 10003 4 1 1 1 
3 138 10003 4 1 1 1 
3 784 20 4 1 1 1 
3 8 9 4 1 1 1 
3 7518 4 1 1 1 1 
3 8 10003 4 1 1 1 
3 8 9 4 1 1 1 
3 72 10003 4 1 1 1 
3 974 10003 4 1 1 1 
3 1553 20 4 1 1 1 
3 123 10003 4 1 1 1 
3 84 10003 4 1 1 1 
3 8 9 4 1 1 1 
3 123 9 4 1 1 1 
3 12 378 46 9908 10003 4 
3 6 64 6673 9 4 1 
3 8 2 10003 4 1 1 
3 19 10 217 9 4 1 
3 72 28 4 1 1 1 
3 65 267 740 10004 9 4 
3 33 275 9 4 1 1 
3 8 9 4 1 1 1 
3 8 9 4 1 1 1 
3 8 9 4 1 1 1 
3 6302 5 986 20 4 1 
3 8 25 190 71 9 4 
3 52 100 23 24 9 4 
3 55 4316 9 4 1 1 
3 79 158 10003 4 1 1 
3 19 10004 13 464 9 4 
3 138 532 10003 4 1 1 
3 23 242 53 9 4 1 
3 6 10004 35 97 10003 4 
3 455 10004 588 98 10003 4 
3 8 10003 4 1 1 1 
3 40 10003 4 1 1 1 
3 27 23 8 20 4 1 
3 19 31 6 115 9 4 
3 4605 10003 4 1 1 1 
3 6 412 525 9 4 1 
3 19 95 6 49 9 4 
3 43 25 155 9 4 1 
3 79 1483 10003 4 1 1 
3 8 9 4 1 1 1 
3 8 9 52 9 4 1 
3 8 10003 4 1 1 1 
3 65 47 6 314 9 4 
3 543 10003 4 1 1 1 
3 8 20 4 1 1 1 
3 79 5 8 20 4 1 
3 3404 1086 9 4 1 1 
3 6 131 8 10003 4 1 
3 373 10003 4 1 1 1 
3 39 17 69 722 9 4 
3 8 20 4 1 1 1 
3 74 23 27 9 4 1 
3 32 186 23 8 10003 4 
3 8 10003 4 1 1 1 
3 8 9 4 1 1 1 
3 7 126 10003 2 10003 4 
3 123 9 4 1 1 1 
3 8 10003 26 8 10003 4 
3 65 197 47 6 9 4 
3 8 10003 4 1 1 1 
3 123 10003 4 1 1 1 
3 8 9 26 8 9 4 
3 336 9 4 1 1 1 
3 40 10003 4 1 1 1 
3 73 10003 19 10003 4 1 
3 5027 10003 4 1 1 1 
3 4780 20 4 1 1 1 
3 8 10004 13 59 10003 4 
3 8 20 4 1 1 1 
3 109 10004 13 227 10003 4 
3 257 10003 4 1 1 1 
3 96 20 4 1 1 1 
3 149 22 10003 4 1 1 
3 6 10004 35 630 10003 4 
3 7 10004 29 5604 4 1 
3 37 369 10003 4 1 1 
3 148 2456 6 9 4 1 
3 43 7 330 9 4 1 
3 23 8 21 456 9 4 
3 14 10004 13 449 20 4 
3 84 9 4 1 1 1 
3 47 6 1272 27 9 4 
3 2 10003 9 4 1 1 
3 605 14 23 10003 4 1 
3 146 22 10 445 28 4 
3 3470 97 125 4 1 1 
3 190 10003 4 1 1 1 
3 137 7 39 423 10003 4 
3 17 39 138 644 10003 4 
3 8 10003 4 1 1 1 
3 8 10003 4 1 1 1 
3 22 10003 4 1 1 1 
3 8 10003 4 1 1 1 
3 65 47 6 9 20 4 
3 14 10004 13 8 10003 4 
3 19 9 4 1 1 1 
3 73 10003 4 1 1 1 
3 8 10003 4 1 1 1 
3 6 34 32 186 10003 4 
3 10 1881 10003 4 1 1 
3 8 10003 4 1 1 1 
3 8 10003 4 1 1 1 
3 6 91 44 62 9 4 
3 10003 23 204 162 9 4 
3 25 10004 35 1580 10003 4 
3 112 10003 4 1 1 1 
3 6 9 4 1 1 1 
3 125 10003 53 10003 4 1 
3 469 32 110 478 20 4 
3 336 9 4 1 1 1 
3 49 19 9 4 1 1 
3 53 10004 13 110 4 1 
3 79 5 31 6 9 4 
3 8 302 9 4 1 1 
3 5339 10003 4 1 1 1 
3 793 17 522 10003 4 1 
3 74 9 4 1 1 1 
3 116 14 637 10003 4 1 
3 40 10003 4 1 1 1 
3 19 39 14 49 9 4 
3 2 9 8 9 4 1 
3 132 133 20 4 1 1 
3 8 9 4 1 1 1 
3 8 9 4 1 1 1 
3 138 10003 4 1 1 1 
3 7 840 27 1202 10003 4 
3 8 9 4 1 1 1 
3 23 27 8 9 4 1 
3 8 10003 8 2 10003 4 
3 6 10003 4 1 1 1 
3 123 10003 117 1182 10003 4 
3 27 23 4091 2 20 4 
3 264 10003 8 10003 4 1 
3 93 16 430 125 10003 4 
3 269 10003 4 1 1 1 
3 84 10003 4 1 1 1 
3 288 66 9 4 1 1 
3 8 20 4 1 1 1 
3 571 10003 4 1 1 1 
3 168 5 8 9 4 1 
3 32 186 23 8 10003 4 
3 7 10004 29 162 10003 4 
3 806 10003 4 1 1 1 
3 40 10003 4 1 1 1 
3 376 10003 4 1 1 1 
3 8 20 4 1 1 1 
3 334 10003 4 1 1 1 
3 8 20 4 1 1 1 
3 123 10003 4 1 1 1 
3 8 10003 4 1 1 1 
3 1983 5 11 4 1 1 
3 40 10003 4 1 1 1 
3 1212 10003 4 1 1 1 
3 8 9 26 8 9 4 
3 591 61 10003 4 1 1 
3 8 10003 7 229 10003 4 
3 6 888 92 10003 4 1 
3 71 199 252 10003 4 1 
3 8 20 4 1 1 1 
3 8 9 4 1 1 1 
3 8 10003 4 1 1 1 
3 8 23 236 9 4 1 
3 65 39 14 9 4 1 
3 19 9 4 1 1 1 
3 19 9 4 1 1 1 
3 14 23 576 10003 4 1 
3 8 9 4 1 1 1 
3 65 51 70 9 4 1 
3 37 3277 10003 4 1 1 
3 8 10003 4 1 1 1 
3 8 10003 4 1 1 1 
3 19 10004 13 17 9 4 
3 7518 4 1 1 1 1 
3 8 20 4 1 1 1 
3 5065 285 10003 4 1 1 
3 59 10003 4 1 1 1 
3 6 162 9 4 1 1 
3 6 10003 4 1 1 1 
3 8 10003 8 10003 4 1 
3 24 2148 145 4 1 1 
3 2 10 1380 10003 4 1 
3 158 10003 26 19 9 4 
3 76 9 4 1 1 1 
3 731 62 61 20 4 1 
3 8 10003 4 1 1 1 
3 18 223 10003 4 1 1 
3 6084 10003 4 1 1 1 
3 8 10003 4 1 1 1 
3 19 9 4 1 1 1 
3 8 5 1663 21 10003 4 
3 19 9 4 1 1 1 
3 6 1549 854 9 4 1 
3 8 20 4 1 1 1 
3 7 31 10003 4 1 1 
3 25 126 11 155 10003 4 
3 8 10003 4 1 1 1 
3 454 565 9 4 1 1 
3 7553 20 4 1 1 1 
3 105 6 728 22 20 4 
3 7 10004 29 37 10003 4 
3 74 9 4 1 1 1 
3 8 773 10003 4 1 1 
3 46 630 10003 4 1 1 
3 14 10004 13 257 10003 4 
3 158 10003 4 1 1 1 
3 14 10004 13 8 10003 4 
3 158 10003 4 1 1 1 
3 4052 10003 4 1 1 1 
3 8 9 4 1 1 1 
3 8 20 4 1 1 1 
3 6 225 8 10003 4 1 
3 40 10003 4 1 1 1 
3 84 10003 4 1 1 1 
3 168 10003 4 1 1 1 
3 7518 4 1 1 1 1 
3 8 20 4 1 1 1 
3 238 59 10003 4 1 1 
3 25 10003 211 2087 10003 4 
3 8 9 4 1 1 1 
3 105 6 778 22 10003 4 
3 19 30 9 4 1 1 
3 17 564 86 10003 4 1 
3 83 9 4 1 1 1 
3 716 10003 4 1 1 1 
