3 40 10003 10005 7701 9 4 
3 40 10003 10005 8 9 4 
3 8 9 10005 8 10003 4 
3 8 10003 10005 40 10003 4 
3 963 9 10005 2871 10003 4 
3 55 10003 10005 84 9 4 
3 22 9 10005 716 10003 4 
3 84 10003 10005 8 20 4 
3 468 9 10005 304 9 4 
3 204 10003 10005 204 9 4 
3 84 20 10005 40 10003 4 
3 19 9 10005 158 10003 4 
3 8 10003 10005 8 10003 4 
3 19 10003 10005 8 10003 4 
3 2 2 10005 238 10003 4 
3 8 9 10005 73 10003 4 
3 8 9 10005 8 10003 4 
3 84 10003 10005 8 10003 4 
3 59 9 10005 8 10003 4 
3 2 28 10005 19 9 4 
3 8 10003 10005 8 9 4 
3 40 10003 10005 8 10003 4 
3 168 28 10005 19 9 4 
3 8 10003 10005 8 10003 4 
3 8 10003 10005 8 10003 4 
3 6978 10005 6978 4 1 1 
3 8 9 10005 2941 9 4 
3 8 9 10005 8 10003 4 
3 4816 10003 10005 40 10003 4 
3 74 9 10005 8 10003 4 
3 2566 10003 10005 8 9 4 
3 4893 9 10005 383 10003 4 
3 8 9 10005 40 10003 4 
3 28 8 10005 8 9 4 
3 8 10003 10005 8 9 4 
3 8 10003 10005 8 10003 4 
3 72 9 10005 72 10003 4 
3 8 20 10005 8 20 4 
3 3640 10003 10005 71 10003 4 
3 269 10003 10005 269 10003 4 
3 8 10003 10005 2199 2 4 
3 112 9 10005 8 9 4 
3 121 9 10005 84 10003 4 
3 168 10003 10005 168 10003 4 
3 8 10005 756 10003 369 4 
3 22 10003 10005 6 9 4 
3 8 9 10005 84 10003 4 
3 8 20 10005 8 10003 4 
3 19 9 10005 19 9 4 
3 678 9 10005 8 9 4 
3 8 28 10005 19 9 4 
3 8809 10003 10005 8 10003 4 
3 102 10003 10005 100 9 4 
3 8 20 10005 304 9 4 
3 74 9 10005 2 10003 4 
3 40 10003 10005 123 10003 4 
3 19 9 10005 8 10003 4 
3 379 20 10005 19 9 4 
3 974 10003 10005 974 10003 4 
3 678 9 10005 678 9 4 
3 8 28 10005 2147 9 4 
3 2 9 10005 123 9 4 
3 8 28 10005 84 10003 4 
3 83 9 10005 768 10003 4 
3 8175 9 10005 123 9 4 
3 59 10003 10005 59 10003 4 
3 5388 9 10005 123 9 4 
3 7518 10005 7518 4 1 1 
3 8 10003 10005 19 9 4 
3 8 10003 10005 1847 9 4 
3 7518 10005 7518 4 1 1 
3 8 9 10005 84 10003 4 
3 8 10003 10005 8 9 4 
3 2 9 10005 605 10003 4 
3 8 10003 10005 8 9 4 
3 8 9 10005 40 10003 4 
3 768 10003 10005 76 9 4 
3 2248 10003 10005 5514 10003 4 
3 963 9 10005 7431 10003 4 
3 8 10003 10005 83 9 4 
3 8 10003 10005 8 9 4 
3 8 9 10005 84 10003 4 
3 8 20 10005 2 20 4 
3 6327 10003 10005 6327 9 4 
3 74 9 10005 102 10003 4 
3 8 20 10005 8 20 4 
3 8 10003 10005 8 9 4 
3 74 9 10005 8 10003 4 
3 8 10003 10005 19 9 4 
3 8 10003 10005 19 9 4 
3 282 10003 10005 282 10003 4 
3 8 20 10005 304 9 4 
3 168 10003 10005 168 10003 4 
3 8 10003 10005 8 9 4 
3 8 2 9 10005 8 4 
3 982 10003 10005 8 9 4 
3 244 10003 10005 192 10003 4 
3 8 10003 10005 8 10003 4 
3 236 9 10005 236 10003 4 
3 8 9 10005 6297 9 4 
3 84 9 10005 84 10003 4 
3 19 9 10005 8 20 4 
3 376 10003 10005 8 10003 4 
3 1521 10003 10005 8 10003 4 
3 8 10003 10005 19 9 4 
3 376 10003 10005 376 10003 4 
3 8 9 10005 8 10003 4 
3 6804 10003 10005 8 10003 4 
3 40 10003 10005 190 10003 4 
3 8 20 10005 19 9 4 
3 6145 10003 10005 2 10003 4 
3 74 9 10005 424 10003 4 
3 905 10003 10005 190 10003 4 
3 8 10003 10005 8 10003 4 
3 186 9 10005 2 10003 4 
3 74 9 10005 8 10003 4 
3 8 10003 10005 806 10003 4 
3 72 10003 10005 8 10003 4 
3 124 10003 10005 40 10003 4 
3 40 10003 10005 40 20 4 
3 168 28 10005 5248 10003 4 
3 907 9 10005 796 10003 4 
3 74 9 10005 222 10003 4 
3 84 10003 10005 76 9 4 
3 8 28 10005 8 20 4 
3 678 10003 10005 8 9 4 
3 8 10003 10005 8 28 4 
3 74 9 10005 2 10003 4 
3 40 10003 10005 190 10003 4 
3 8 10003 10005 2 9 4 
3 84 10003 10005 100 9 4 
3 83 9 10005 448 10003 4 
3 40 10003 10005 40 9 4 
3 678 20 10005 678 10003 4 
3 18 2 10005 100 9 4 
3 148 10003 10005 148 9 4 
3 40 10003 10005 40 9 4 
3 168 10003 10005 19 9 4 
3 8 9 10005 149 10003 4 
3 22 9 10005 84 10003 4 
3 8 10003 10005 8 20 4 
3 8 10003 10005 8 10003 4 
3 8 9 10005 2 10003 4 
3 2 10003 10005 168 10003 4 
3 8 9 10005 123 10003 4 
3 100 9 10005 19 9 4 
3 19 9 10005 8 10003 4 
3 8 10003 10005 19 9 4 
3 8 9 10005 123 9 4 
3 8 10003 10005 8 10003 4 
3 8 9 10005 8 10003 4 
3 364 10003 10005 8 9 4 
3 8 9 10005 84 9 4 
3 168 10003 10005 376 10003 4 
3 8 20 10005 45 10003 4 
3 40 10003 10005 40 9 4 
3 8 10003 10005 8 10003 4 
3 8 10003 10005 8 9 4 
3 678 10003 10005 8 9 4 
3 8357 9 10005 8 10003 4 
3 8 10003 10005 72 9 4 
3 2 20 10005 2 9 4 
3 8 9 10005 238 20 4 
3 123 10003 10005 8 10003 4 
3 974 10003 10005 974 9 4 
3 74 9 10005 22 10003 4 
3 74 9 10005 8 10003 4 
3 8 9 10005 121 10003 4 
3 8 20 10005 8 20 4 
3 8 20 10005 19 9 4 
3 494 10003 10005 8 10003 4 
3 8 9 10005 84 9 4 
3 8871 10003 10005 8 9 4 
3 8 10003 10005 123 10003 4 
3 84 10003 10005 8 10003 4 
3 84 10003 10005 76 9 4 
3 83 9 10005 336 10003 4 
3 8 20 10005 8 20 4 
3 6252 9 10005 8 10003 4 
3 8 9 10005 40 10003 4 
3 505 10003 10005 8 9 4 
3 8 9 10005 84 9 4 
3 8 9 10005 84 9 4 
3 211 10003 10005 211 9 4 
3 72 9 10005 19 9 4 
3 8 10003 10005 8 9 4 
3 392 10003 10005 8 9 4 
3 84 10003 10005 8 10003 4 
3 22 10003 10005 123 10003 4 
3 216 10003 10005 8 10003 4 
3 112 9 10005 123 10003 4 
3 8 20 10005 8 20 4 
3 806 10003 10005 19 9 4 
3 168 10003 10005 168 10003 4 
3 10003 2 10005 2 10003 4 
3 112 9 10005 84 10003 4 
3 123 10003 10005 8 9 4 
3 376 10003 10005 8 10003 4 
3 7131 9 10005 84 10003 4 
3 132 10003 10005 8 9 4 
3 8 10003 10005 40 10003 4 
3 8 10003 10005 8 4 1 
3 340 10003 10005 51 9 4 
3 2 9 10005 1640 10003 4 
3 40 10003 10005 8 9 4 
3 138 10003 10005 359 9 4 
3 784 10003 10005 784 9 4 
3 2 9 10005 40 10003 4 
3 7518 10005 7518 10003 4 1 
3 8 9 10005 84 10003 4 
3 2 9 10005 40 10003 4 
3 1295 10003 10005 8 9 4 
3 974 9 10005 974 10003 4 
3 40 20 10005 70 9 4 
3 264 10003 10005 8 9 4 
3 84 10003 10005 849 9 4 
3 74 9 10005 8 10003 4 
3 8 10003 10005 8 9 4 
3 8 28 10005 19 9 4 
3 6673 9 10005 19 9 4 
3 8 10003 10005 8 9 4 
3 8 10003 10005 8 28 4 
3 756 10003 10005 8 20 4 
3 168 10003 10005 168 10003 4 
3 8 9 10005 19 9 4 
3 2718 9 10005 96 10003 4 
3 678 9 10005 1739 9 4 
3 8 9 10005 706 10003 4 
3 6302 10003 10005 8 9 4 
3 19 9 10005 8 10003 4 
3 1119 10003 10005 8 10003 4 
3 576 10003 10005 123 10003 4 
3 304 10003 10005 19 9 4 
3 8 10003 10005 8 9 4 
3 8 9 10005 132 10003 4 
3 8 10003 10005 8 10003 4 
3 1655 10003 10005 8 10003 4 
3 84 9 10005 139 10003 4 
3 100 9 10005 8809 10003 4 
3 471 9 10005 471 10003 4 
3 168 20 10005 19 9 4 
3 6467 9 10005 84 10003 4 
3 614 10003 10005 8 9 4 
3 168 10003 10005 168 10003 4 
3 2 9 10005 123 10003 4 
3 8 9 10005 8 9 4 
3 52 9 10005 8 10003 4 
3 1483 10003 10005 8 10003 4 
3 9989 9 10005 8 10003 4 
3 8 10003 10005 5065 9 4 
3 376 20 10005 376 10003 4 
3 40 10003 10005 543 9 4 
3 8 10005 238 14 20 4 
3 8 20 10005 8 20 4 
3 6429 9 10005 84 10003 4 
3 8 9 10005 19 9 4 
3 84 10003 10005 74 9 4 
3 8 20 10005 3530 20 4 
3 2 20 10005 3179 20 4 
3 678 9 10005 376 10003 4 
3 8 10003 10005 8 9 4 
3 8 10003 10005 8 9 4 
3 3080 20 10005 73 10003 4 
3 2 10003 10005 8 9 4 
3 678 10003 10005 8 9 4 
3 8 9 10005 8 10003 4 
3 8 10003 10005 123 20 4 
3 2 9 10005 59 10003 4 
3 678 9 10005 9206 9 4 
3 8 9 10005 8 9 4 
3 8 10003 10005 83 9 4 
3 40 10003 10005 8 10003 4 
3 19 10003 10005 19 9 4 
3 79 10003 10005 333 10003 4 
3 4780 20 10005 2 9 4 
3 8 9 10005 244 10003 4 
3 8 10003 10005 8 9 4 
3 8 10003 10005 8 9 4 
3 96 10003 10005 8 9 4 
3 84 10003 10005 8 20 4 
3 8 10003 10005 8 9 4 
3 83 9 10005 448 10003 4 
3 8 9 10005 72 10003 4 
3 40 10003 10005 8 9 4 
3 2 10003 10005 1276 10003 4 
3 168 10003 10005 168 10003 4 
3 8 9 10005 19 20 4 
3 379 20 10005 60 20 4 
3 678 9 10005 8 9 4 
3 112 9 10005 84 10003 4 
3 8 10003 10005 19 9 4 
3 84 10003 10005 3006 10003 4 
3 7518 10005 7518 4 1 1 
3 2 10003 10005 8 10003 4 
3 190 10003 10005 40 10003 4 
3 40 10003 10005 76 9 4 
3 8 10003 10005 8 9 4 
3 2275 10003 10005 8 10003 4 
3 8 10003 10005 2275 10003 4 
3 1603 10003 10005 6 10003 4 
3 8 10003 10005 40 10003 4 
3 8 10003 10005 123 10003 4 
3 8 9 10005 123 9 4 
3 19 9 10005 158 10003 4 
3 8 9 10005 3080 20 4 
3 168 10003 10005 52 9 4 
3 8 9 10005 8 10003 4 
3 8 10003 10005 8 10003 4 
3 19 9 10005 6084 10003 4 
3 8 9 10005 8 10003 4 
3 100 9 10005 1752 10003 4 
3 982 10003 10005 8 10003 4 
3 8 10003 10005 8 28 4 
3 40 10003 10005 112 10003 4 
3 6 9 10005 22 10003 4 
3 84 10003 10005 100 9 4 
3 469 10005 84 10003 4 1 
3 123 10003 10005 83 9 4 
3 112 9 10005 132 10003 4 
3 6 110 10005 24 110 4 
3 74 9 10005 8 10003 4 
3 376 10003 10005 376 10003 4 
3 22 10003 10005 6 10003 4 
3 614 10003 10005 8 9 4 
3 6712 10003 10005 40 10003 4 
3 8 10003 10005 8 9 4 
3 40 10005 2 9 4 1 
3 40 9 10005 40 10003 4 
3 678 9 10005 678 9 4 
3 376 20 10005 376 20 4 
3 691 9 10005 264 10003 4 
3 8 9 10005 8 9 4 
3 341 10003 10005 488 9 4 
3 376 20 10005 79 10003 4 
3 100 9 10005 8 10003 4 
3 8 10003 10005 8 9 4 
3 76 10003 10005 84 9 4 
3 40 10003 10005 6 10003 4 
3 40 10003 10005 8 9 4 
3 2 20 10005 8 9 4 
3 2 10003 10005 59 10003 4 
3 8 10003 10005 8 10003 4 
3 1372 10003 10005 269 10003 4 
3 8 9 10005 8 9 4 
3 912 10003 10005 8065 10003 4 
3 8 20 10005 8 20 4 
3 53 10003 10005 19 9 4 
3 123 10003 10005 8 10003 4 
3 8 10003 10005 19 9 4 
3 8 10003 10005 8 10003 4 
3 6 9 10005 211 10003 4 
3 40 10003 10005 8 9 4 
3 8 10003 10005 376 10003 4 
3 8 20 10005 8 9 4 
3 8 20 10005 361 10003 4 
3 8 9 10005 1212 10003 4 
3 84 10003 10005 8 10003 4 
3 8 10003 10005 1112 10003 4 
3 84 9 10005 257 10003 4 
3 40 10003 10005 8 9 4 
3 8 10003 10005 8 9 4 
3 8 9 10005 59 10003 4 
3 8 9 10005 19 9 4 
3 8 10003 10005 8 9 4 
3 8 20 10005 19 9 4 
3 8 9 10005 123 9 4 
3 8 20 10005 8 9 4 
3 8 9 10005 364 10003 4 
3 8 10003 10005 8 9 4 
3 236 20 10005 8 10003 4 
3 376 10003 10005 376 10003 4 
3 6471 10003 10005 98 9 4 
3 19 9 10005 379 20 4 
3 8 10003 10005 19 9 4 
3 19 9 10005 8 10003 4 
3 148 9 10005 40 10003 4 
3 186 9 10005 2 10003 4 
3 40 10003 10005 190 10003 4 
3 376 10003 10005 376 10003 4 
3 376 10003 10005 376 10003 4 
3 7518 10005 7518 4 1 1 
3 2 9 10005 8 10003 4 
3 5065 9 10005 8 10003 4 
3 53 9 10005 59 10003 4 
3 2 9 10005 376 10003 4 
3 6 10003 10005 22 10003 4 
3 22 9 10005 6 10003 4 
3 84 10003 10005 8 9 4 
3 8 10003 10005 19 9 4 
3 1640 10003 10005 19 9 4 
3 74 9 10005 8 10003 4 
3 8 20 10005 8 20 4 
3 8 10003 10005 45 10003 4 
3 84 10003 10005 8 9 4 
3 4535 10003 10005 19 9 4 
3 40 10003 10005 8 10003 4 
3 6 10003 10005 5339 10003 4 
3 8 10003 10005 8 10003 4 
3 76 9 10005 76 9 4 
3 376 10003 10005 376 10003 4 
3 19 9 10005 1550 10003 4 
3 993 10003 10005 40 10003 4 
3 158 10003 10005 8 10003 4 
3 8 10003 10005 3228 10003 4 
3 342 10003 10005 132 10003 4 
3 7553 20 10005 2 10003 4 
3 8 9 10005 19 9 4 
3 8 9 10005 84 10003 4 
3 8 10003 10005 8 10003 4 
3 8 9 10005 8 10003 4 
3 369 10003 10005 8 20 4 
3 270 10003 10005 19 9 4 
3 70 9 10005 19 9 4 
3 8 9 10005 123 9 4 
3 158 10003 10005 19 9 4 
3 4052 10003 10005 4052 10003 4 
3 123 10003 10005 8 9 4 
3 2 20 10005 139 10003 4 
3 8 10003 10005 8 10003 4 
3 7285 9 10005 84 10003 4 
3 84 10003 10005 40 10003 4 
3 2657 10003 10005 8 10003 4 
3 7518 10005 7518 4 1 1 
3 1655 9 10005 236 10003 4 
3 238 20 10005 190 9 4 
3 606 10003 10005 606 9 4 
3 162 9 10005 123 20 4 
3 8 9 10005 19 20 4 
3 8 9 10005 346 10003 4 
3 8 10003 10005 8 10003 4 
3 40 10003 10005 8 10003 4 
3 84 10003 10005 8 9 4 
